hair=0.00000000,0.00000000,0.00000000
nose=0.00000000,0.0000000,0.00000000
beard=0.00000000,0.00000000,0.00000000
